0 0.413386 0.125000 0.029528 0.144737
0 0.588583 0.128947 0.029528 0.131579
0 0.431102 0.219737 0.029528 0.065789
0 0.301181 0.277632 0.029528 0.065789
0 0.133858 0.423684 0.047244 0.105263
0 0.437008 0.431579 0.029528 0.131579
0 0.560039 0.477632 0.035433 0.065789
0 0.438976 0.519737 0.029528 0.039474
0 0.233268 0.689474 0.082677 0.236842
0 0.150591 0.631579 0.041339 0.052632
0 0.190945 0.901316 0.236220 0.197368
0 0.212598 0.772368 0.094488 0.065789
0 0.574803 0.738158 0.047244 0.065789
0 0.206693 0.990789 0.236220 0.018421
