0 0.474409 0.197368 0.029528 0.052632
0 0.161417 0.251316 0.029528 0.065789
0 0.372047 0.327632 0.047244 0.092105
0 0.490157 0.385526 0.053150 0.065789
0 0.401575 0.482895 0.047244 0.065789
0 0.579724 0.471053 0.035433 0.052632
0 0.483268 0.488158 0.035433 0.065789
0 0.207677 0.618421 0.035433 0.157895
0 0.199803 0.714474 0.106299 0.039474
0 0.112205 0.644737 0.047244 0.078947
0 0.151575 0.900000 0.236220 0.200000
0 0.185039 0.984211 0.236220 0.031579
0 0.207677 0.805263 0.041339 0.131579
0 0.051181 0.822368 0.029528 0.118421
