0 0.104331 0.253947 0.047244 0.092105
0 0.255906 0.298684 0.029528 0.039474
0 0.059055 0.406579 0.029528 0.144737
0 0.365157 0.415789 0.035433 0.052632
0 0.738189 0.419737 0.029528 0.039474
0 0.407480 0.744737 0.236220 0.052632
0 0.435039 0.650000 0.165354 0.052632
0 0.501969 0.496053 0.047244 0.039474
0 0.410433 0.518421 0.041339 0.105263
0 0.714567 0.521053 0.047244 0.052632
0 0.105315 0.656579 0.059055 0.039474
0 0.116142 0.782895 0.141732 0.039474
0 0.200787 0.675000 0.053150 0.144737
0 0.194882 0.877632 0.188976 0.244737
