0 0.403543 0.177632 0.029528 0.039474
0 0.464567 0.281579 0.029528 0.052632
0 0.582677 0.322368 0.029528 0.039474
0 0.676181 0.365789 0.035433 0.052632
0 0.842520 0.382895 0.029528 0.065789
0 0.395669 0.475000 0.029528 0.039474
0 0.476378 0.488158 0.029528 0.065789
0 0.283465 0.606579 0.094488 0.197368
0 0.273622 0.797368 0.236220 0.157895
0 0.476378 0.569737 0.070866 0.092105
0 0.297244 0.515789 0.029528 0.078947
0 0.464567 0.801316 0.236220 0.065789
0 0.522638 0.688158 0.153543 0.039474
0 0.346457 0.690789 0.141732 0.197368
