0 0.366142 0.246053 0.053150 0.039474
0 0.270669 0.281579 0.035433 0.052632
0 0.694882 0.428947 0.047244 0.105263
0 0.457677 0.442105 0.035433 0.052632
0 0.579724 0.471053 0.035433 0.052632
0 0.377953 0.650000 0.141732 0.052632
0 0.472441 0.582895 0.029528 0.039474
0 0.207677 0.618421 0.035433 0.157895
0 0.199803 0.714474 0.106299 0.039474
0 0.112205 0.644737 0.047244 0.078947
0 0.096457 0.725000 0.100394 0.065789
0 0.153543 0.900000 0.236220 0.200000
0 0.171260 0.813158 0.124016 0.105263
0 0.185039 0.984211 0.236220 0.031579
0 0.051181 0.821053 0.029528 0.105263
