0 0.555118 0.210526 0.029528 0.052632
0 0.124016 0.239474 0.029528 0.263158
0 0.348425 0.223684 0.029528 0.052632
0 0.679134 0.228947 0.029528 0.052632
0 0.846457 0.246053 0.029528 0.065789
0 0.257874 0.275000 0.047244 0.039474
0 0.562992 0.298684 0.029528 0.065789
0 0.698819 0.310526 0.029528 0.052632
0 0.905512 0.351316 0.029528 0.065789
0 0.383858 0.781579 0.236220 0.052632
0 0.395669 0.661842 0.147638 0.039474
0 0.405512 0.503947 0.029528 0.039474
0 0.549213 0.514474 0.029528 0.039474
0 0.664370 0.557895 0.035433 0.052632
