0 0.421260 0.126316 0.029528 0.252632
0 0.291339 0.180263 0.029528 0.039474
0 0.424213 0.218421 0.035433 0.263158
0 0.062992 0.253947 0.047244 0.092105
0 0.620079 0.230263 0.029528 0.065789
0 0.759843 0.277632 0.029528 0.065789
0 0.427165 0.313158 0.029528 0.263158
0 0.309055 0.323684 0.029528 0.052632
0 0.429134 0.436842 0.070866 0.263158
0 0.468504 0.648684 0.236220 0.039474
0 0.531496 0.382895 0.029528 0.039474
0 0.535433 0.477632 0.070866 0.065789
0 0.195866 0.515789 0.035433 0.052632
0 0.339567 0.539474 0.035433 0.052632
