0 0.478346 0.176316 0.029528 0.052632
0 0.265748 0.261842 0.029528 0.039474
0 0.598425 0.365789 0.029528 0.052632
0 0.234252 0.403947 0.047244 0.092105
0 0.466535 0.442105 0.029528 0.052632
0 0.568898 0.471053 0.029528 0.052632
0 0.401575 0.625000 0.118110 0.065789
0 0.427165 0.523684 0.029528 0.078947
0 0.220472 0.705263 0.094488 0.210526
0 0.130906 0.631579 0.035433 0.078947
0 0.183071 0.902632 0.236220 0.194737
0 0.192913 0.794737 0.124016 0.263158
0 0.547244 0.667105 0.029528 0.065789
0 0.187008 0.990789 0.236220 0.018421
0 0.111220 0.796053 0.041339 0.039474
