0 0.399606 0.119737 0.029528 0.092105
0 0.610236 0.147368 0.029528 0.263158
0 0.403543 0.225000 0.029528 0.065789
0 0.287402 0.284211 0.029528 0.052632
0 0.381890 0.305263 0.029528 0.052632
0 0.200787 0.336842 0.047244 0.105263
0 0.547244 0.347368 0.029528 0.131579
0 0.448819 0.410526 0.029528 0.052632
0 0.417323 0.509211 0.047244 0.065789
0 0.805118 0.573684 0.047244 0.105263
0 0.547244 0.552632 0.029528 0.052632
0 0.207677 0.618421 0.035433 0.157895
0 0.199803 0.715789 0.106299 0.052632
0 0.111220 0.635526 0.041339 0.065789
0 0.171260 0.863158 0.188976 0.263158
0 0.569882 0.651316 0.041339 0.065789
0 0.137795 0.947368 0.236220 0.105263
