0 0.261811 0.132895 0.029528 0.039474
0 0.543307 0.203947 0.029528 0.039474
0 0.267717 0.218421 0.029528 0.157895
0 0.872047 0.219737 0.029528 0.092105
0 0.124016 0.239474 0.029528 0.263158
0 0.232283 0.300000 0.029528 0.157895
0 0.358268 0.311842 0.029528 0.065789
0 0.676181 0.319737 0.035433 0.039474
0 0.429134 0.726316 0.236220 0.052632
0 0.487205 0.590789 0.135827 0.039474
0 0.285433 0.464474 0.029528 0.092105
0 0.398622 0.547368 0.035433 0.052632
0 0.291339 0.551316 0.029528 0.144737
0 0.312992 0.676316 0.029528 0.078947
