0 0.264764 0.118421 0.041339 0.078947
0 0.271654 0.209211 0.047244 0.118421
0 0.535433 0.203947 0.029528 0.092105
0 0.124016 0.239474 0.029528 0.263158
0 0.893701 0.227632 0.029528 0.039474
0 0.254921 0.369737 0.106299 0.039474
0 0.364173 0.317105 0.029528 0.039474
0 0.476378 0.431579 0.029528 0.052632
0 0.438976 0.723684 0.236220 0.052632
0 0.304134 0.478947 0.041339 0.052632
0 0.462598 0.543421 0.070866 0.039474
0 0.282480 0.571053 0.035433 0.052632
0 0.329724 0.718421 0.035433 0.263158
0 0.318898 0.843421 0.124016 0.065789
0 0.942913 0.785526 0.047244 0.065789
