0 0.278543 0.284211 0.035433 0.052632
0 0.088583 0.378947 0.029528 0.052632
0 0.457677 0.442105 0.035433 0.052632
0 0.579724 0.471053 0.035433 0.052632
0 0.377953 0.650000 0.141732 0.052632
0 0.483268 0.582895 0.035433 0.039474
0 0.207677 0.618421 0.035433 0.157895
0 0.200787 0.700000 0.094488 0.052632
0 0.111220 0.635526 0.041339 0.065789
0 0.178150 0.784211 0.129921 0.263158
0 0.151575 0.900000 0.236220 0.200000
0 0.179134 0.984211 0.236220 0.031579
0 0.080709 0.817105 0.029528 0.144737
0 0.093504 0.999000 0.187008 0.010000
