0 0.500000 0.227632 0.047244 0.065789
0 0.161417 0.250000 0.029528 0.052632
0 0.307087 0.302632 0.029528 0.052632
0 0.466535 0.440789 0.029528 0.065789
0 0.579724 0.471053 0.035433 0.052632
0 0.207677 0.618421 0.035433 0.157895
0 0.199803 0.715789 0.106299 0.052632
0 0.112205 0.644737 0.047244 0.078947
0 0.096457 0.725000 0.100394 0.065789
0 0.151575 0.900000 0.236220 0.200000
0 0.413386 0.635526 0.029528 0.039474
0 0.207677 0.818421 0.082677 0.263158
0 0.165354 0.986842 0.236220 0.026316
0 0.122047 0.810526 0.047244 0.052632
