0 0.527559 0.225000 0.047244 0.065789
0 0.218504 0.263158 0.029528 0.052632
0 0.452756 0.430263 0.029528 0.039474
0 0.584646 0.496053 0.047244 0.065789
0 0.385827 0.552632 0.070866 0.052632
0 0.539370 0.590789 0.029528 0.039474
0 0.207677 0.618421 0.035433 0.157895
0 0.199803 0.714474 0.106299 0.039474
0 0.112205 0.644737 0.047244 0.078947
0 0.096457 0.725000 0.100394 0.065789
0 0.153543 0.900000 0.236220 0.200000
0 0.171260 0.813158 0.124016 0.105263
0 0.175197 0.988158 0.236220 0.023684
0 0.051181 0.817105 0.029528 0.039474
