0 0.492126 0.117105 0.047244 0.039474
0 0.497047 0.240789 0.112205 0.144737
0 0.124016 0.239474 0.029528 0.263158
0 0.385827 0.225000 0.029528 0.092105
0 0.497047 0.327632 0.106299 0.065789
0 0.893701 0.293421 0.047244 0.065789
0 0.235236 0.340789 0.059055 0.065789
0 0.350394 0.325000 0.029528 0.065789
0 0.210630 0.497368 0.141732 0.078947
0 0.066929 0.472368 0.029528 0.039474
0 0.539370 0.553947 0.029528 0.065789
0 0.067913 0.582895 0.041339 0.092105
0 0.440945 0.876316 0.236220 0.052632
0 0.486220 0.664474 0.053150 0.039474
0 0.473425 0.790789 0.082677 0.039474
