0 0.275591 0.259211 0.053150 0.039474
0 0.357283 0.305263 0.035433 0.052632
0 0.188976 0.347368 0.047244 0.105263
0 0.435039 0.403947 0.047244 0.039474
0 0.528543 0.442105 0.035433 0.052632
0 0.401575 0.494737 0.029528 0.052632
0 0.783465 0.547368 0.047244 0.105263
0 0.516732 0.551316 0.035433 0.039474
0 0.650591 0.589474 0.035433 0.078947
0 0.207677 0.618421 0.035433 0.157895
0 0.198819 0.730263 0.118110 0.039474
0 0.111220 0.635526 0.041339 0.065789
0 0.171260 0.863158 0.188976 0.263158
0 0.141732 0.950000 0.236220 0.100000
0 0.075787 0.831579 0.041339 0.157895
