0 0.206693 0.261842 0.029528 0.065789
0 0.232283 0.346053 0.047244 0.092105
0 0.324803 0.363158 0.029528 0.052632
0 0.464567 0.443421 0.053150 0.039474
0 0.584646 0.496053 0.047244 0.065789
0 0.385827 0.552632 0.070866 0.052632
0 0.521654 0.588158 0.047244 0.039474
0 0.207677 0.618421 0.035433 0.157895
0 0.199803 0.715789 0.106299 0.052632
0 0.112205 0.644737 0.047244 0.078947
0 0.151575 0.900000 0.236220 0.200000
0 0.171260 0.813158 0.124016 0.105263
0 0.185039 0.984211 0.236220 0.031579
0 0.093504 0.999000 0.187008 0.010000
