0 0.428150 0.186842 0.035433 0.052632
0 0.214567 0.226316 0.047244 0.105263
0 0.544291 0.228947 0.035433 0.052632
0 0.062992 0.253947 0.047244 0.092105
0 0.867126 0.286842 0.035433 0.052632
0 0.337598 0.405263 0.041339 0.184211
0 0.620079 0.384211 0.029528 0.052632
0 0.294291 0.510526 0.112205 0.184211
0 0.346457 0.668421 0.236220 0.078947
0 0.378937 0.515789 0.106299 0.052632
0 0.459646 0.465789 0.035433 0.052632
0 0.072835 0.497368 0.029528 0.052632
0 0.419291 0.793421 0.236220 0.065789
0 0.464567 0.640789 0.124016 0.039474
