0 0.372047 0.235526 0.047244 0.039474
0 0.263780 0.275000 0.029528 0.065789
0 0.647638 0.384211 0.029528 0.052632
0 0.480315 0.459211 0.047244 0.065789
0 0.579724 0.471053 0.035433 0.052632
0 0.376969 0.642105 0.135827 0.052632
0 0.476378 0.580263 0.029528 0.039474
0 0.207677 0.618421 0.035433 0.157895
0 0.199803 0.715789 0.106299 0.052632
0 0.112205 0.644737 0.047244 0.078947
0 0.151575 0.900000 0.236220 0.200000
0 0.185039 0.984211 0.236220 0.031579
0 0.207677 0.805263 0.041339 0.131579
0 0.122047 0.818421 0.053150 0.052632
0 0.096457 0.999000 0.192913 0.010000
