0 0.521654 0.222368 0.047244 0.039474
0 0.226378 0.267105 0.029528 0.065789
0 0.435039 0.384211 0.029528 0.052632
0 0.528543 0.442105 0.035433 0.052632
0 0.401575 0.482895 0.047244 0.039474
0 0.587598 0.522368 0.035433 0.039474
0 0.207677 0.618421 0.035433 0.157895
0 0.534449 0.609211 0.035433 0.039474
0 0.199803 0.715789 0.106299 0.052632
0 0.112205 0.644737 0.047244 0.078947
0 0.096457 0.725000 0.100394 0.065789
0 0.151575 0.900000 0.236220 0.200000
0 0.171260 0.813158 0.124016 0.105263
0 0.185039 0.984211 0.236220 0.031579
0 0.094488 0.999000 0.188976 0.010000
